											+-----+
											| MLP |
											+-----+

-------------------------------- Start --------------------------------
[6, 3, 2, 3, 2, 0, 1, 5, 5, 5, 1, 0, 2, 0, 2, 4, 5, 2, 2, 1, 5, 4, 6, 4, 4, 4, 6, 0, 4, 6, 6, 2, 4, 1, 4, 6, 0, 3, 1, 6, 1, 4, 0, 2, 5, 6, 6, 4, 1, 0, 6, 4, 3, 1]
[6 3 2 3 2 0 1 6 5 5 1 0 5 0 2 4 5 2 2 6 5 3 1 4 4 4 6 0 4 1 6 2 4 1 4 1 0 3 1 1 1 0 0 5 5 6 6 4 1 0 6 4 3 1]
Accuracy: 0.815

---------------------------------- End ----------------------------------

Recogntion:  T
Probability:  [0.00199535 0.0411362  0.00660584 0.01368727 0.00380644 0.90863285
 0.02413606]

==============================================================================================

											+-----+
											| SVM |
											+-----+

-------------------------------- Start --------------------------------
[6, 3, 2, 3, 2, 0, 1, 5, 5, 5, 1, 0, 2, 0, 2, 4, 5, 2, 2, 1, 5, 4, 6, 4, 4, 4, 6, 0, 4, 6, 6, 2, 4, 1, 4, 6, 0, 3, 1, 6, 1, 4, 0, 2, 5, 6, 6, 4, 1, 0, 6, 4, 3, 1]
[6 3 2 3 2 0 6 5 5 5 1 0 5 0 2 4 5 2 2 1 5 3 1 4 4 4 6 0 4 6 6 1 4 6 4 1 0 3 6 6 1 0 0 5 5 6 6 4 1 0 6 1 3 1]
Accuracy: 0.796

---------------------------------- End ----------------------------------

Recogntion:  T
Probability:  [3.65611348e-04 1.52747828e-02 2.81929255e-03 2.61217644e-03
 1.05069741e-03 9.59113486e-01 1.87639534e-02]

